OID|SOURCE|LOANS_OWED_START|LOANS_OBTAINED|CASH_REPAYMENT|NON_CASH_REPAYMENT|LOANS_OWED_END|RPT_ID
19405|TEAMSTERS LOCAL UNION NO. 406|50000|0|0|50000|0|517271
21519|N/A|0|0|0|0|0|537470
22131|0|0|0|0|0|0|547745
20961|None|0|0|0|0|0|526338
20988|Old Second National Bank|1585422|0|118063|1467359|0|527840
20989|None|0|0|0|0|0|527860
21014|Office and Professional Employees Pension Plan|107180|0|9520|0|97660|529420
21017|MORTGAGE NOTE PAYABLE|416119|0|24316||0|529464
21038|GMAC - 2011 CHEVY IMPALA|15272|0|4166|0|11106|529789
21039|GMAC - 2010 CHRYSLER TOWN & COUNTRY|10908|0|4642|0|6266|529789
21047|INT'L UNION OF ALLIED NOV. PROD.- INT'L LABOR ORG.|0|10000|10000|0|0|530046
21048|None|0|0|0|0|0|530087
21049|NONE|0|0|0|0|0|530106
21050|AUTOSERV OF TILTON NH|0|59924|9496|0|50428|530123
21057|Ford Credit-Automobile|0|7641|585||7056|530245
21058|NONE|0|0|0|0|0|530276
21059|DC 33 LEGAL SERVICE PLAN|122544||||122544|530301
21060|Ford Credit|39085||11901||27184|530371
21063|Keybank - Lineof Credit|0|2668027|2668027|0|0|530394
21064|NONE|0|0|0|0|0|530423
21066|FORD MOTOR CORP|141407|0|30063|23154|88190|530452
21067|US Bank|10920||2968||7952|530477
21075|None|0|0|0|0|0|531612
21076|NONE|0|0|0|0|0|531640
21077|Ford Motor Credit |12648|0|12648||0|531828
21078|Ford Motor Credit #1|0|18853|18853||0|531828
21079|Ford Motor Credit #2|0|7036|7036||0|531828
21084|Frost National Bank|1520995|0|54295|1466700|0|532159
21085|UBCJA|1200000|0|0|1200000|0|532159
21086|Note Payable-Colcord|190188||130127|60061|0|532307
21348|NOTE PAYABLE TO NCCRC|1838828|0|45876|0|1792952|535443
21091|VEHICLE FINANCING|0|27000|0|0|27000|532367
21092|Northeastern Engineers Federal Credit Union |0|276000|4509|0|271491|532413
21094|POWERNET BANK - AUTO|1300|0|1300|0|0|532451
21095|POWERNET BANK - AUTO|18174|0|4910|0|13264|532451
21096|MORGN STANLEY|0|153049|0|0|153049|532454
21097|NONE|0|0|0|0|0|532466
21098|NONE|0|0|0|0|0|532472
21104|Mortgage Loan|718885|0|43724||675161|532598
21109|NONE|0|0|0|0|0|532637
21113|BancorpSouth|63197|0|63197||0|532837
21114|BancorpSouth|15589|0|13619||1970|532837
21121|NONE|0|0|0|0|0|533131
21122|HERGET BANK|29527|0|9032|0|20495|533261
21124|XEROX CORPORATION|3224|10578|1414|3224|9164|533356
21127|NONE|0|0|0|0|0|533421
21128|IBEW LU 278 FCU N|6790|0|4640||2150|533473
21129|IBEW LU 278 FCU Q|6919|0|6919||0|533473
21130|IBEW LU 278 FCU U|4245|0|4245||0|533473
21131|IBEW LU 278 FCU V|0|50000|16743||33257|533473
21132|IBEW LU 278 FCU W|0|12255|5118||7137|533473
21133|IBEW LU 278 FCU X|0|5385|976||4409|533473
21134|NONE|0|0|0|0|0|533480
21135|Leaf Funding, Inc.|1482||1482||0|533499
21136|Sun East FCU|136639||136639||0|533499
21156|WEST COAST BANK|254751||69857||184894|533672
21157|WEST COAST BANK|100000||65000||35000|533672
21158|NONE|0|0|0|0|0|533772
21159|FORD CREDIT|192471|0|117319|38072|37080|533799
21160|NONE|0|0|0|0|0|533811
21161|SUNTRUST BANK|40418339|0|0|0|40418339|533822
21162|Truck Notes - First Bank and Trust|61791|0|52840||8951|533850
21163|PACIFIC NW IRONWKRS CU|0|18790|487||18303|533948
21164|Ford Credit|15161|0|4407||10754|533958
21165|JP MORGAN CHASE BANK|1080084|0|22647|0|1057437|533979
21166|AT&T CAPITAL|8044|0|1788|0|6256|533979
21168|COOP. CASA DEL TRABAJADOR|2175|10000|4956|0|7219|534014
21169|DE LAGE LANDEN FINANCIAL|14464|0|4721|0|9743|534014
21170|VEGA COOP - MORTGAGE|602481|0|602481|0|0|534014
21171|VEGA COOP - MORTGAGE||600000|3581||596419|534014
21172|N/A|0|0|0|0|0|534046
21173|N/A|0|0|0|0|0|534135
21174|NONE|0|0|0|0|0|534280
21175|NONE|0|0|0|0|0|534310
21178|NONE|0|0|0|0|0|534318
21179|Mortgage|75423||75423||0|534378
21180|NONE|0|0|0|0|0|534392
21181|Pacific NW Ironworkers FCU|18324|0|18324||0|534404
21182|Ford Credit|170965|166158|67590|10234|259299|534460
21183|NONE|0|0|0|0|0|534462
21184|NONE||0|0|0|0|534494
21185|NONE|0|0|0|0|0|534565
21186|NONE|0|0|0|0|0|534567
21187|NONE|0|0|0|0|0|534568
21188|PNC COMMERCIAL LOAN|652722|0|43420|0|609302|534586
21189|Sovereign Bank|8472|0|8472|0|0|534602
21190|Diamond Credit Union|0|22285|371|0|21914|534602
21191|Gateway Metro Credit Union|15333|0|8305|0|7028|534608
21192|NONE|0|0|0|0|0|534609
21193|Ford Motor Credit|7373|0|3688|0|3685|534613
21194|Ford Motor Credit|14960|0|4638||10322|534642
21195|NONE|0|0|0|0|0|534646
21196|NONE|0|0|0|0|0|534660
21197|N/A|0|0|0|0|0|534662
21198|N/A|0|0|0|0|0|534673
21199|NONE|0|0|0|0|0|534684
21200|NONE|0|0|0|0|0|534685
21201|N/A|0|0|0|0|0|534690
21202|Ally Bank|37998|0|37998|0|0|534698
21203|Kerbeck Cadillac|0|50487|0|0|50487|534698
21204|N/A|0|0|0|0|0|534701
21205|NONE|0|0|0|0|0|534706
21206|P & S Credit Union|0|100000|||100000|534714
21207|Not Applicable|0|0|0|0|0|534721
21208|Ally|18046|1177|6047||13176|534733
21209|Ford|16787|631|4683||12735|534733
21210|Ford|0|16591|374||16217|534733
21211|Ford|0|16589|374||16215|534733
21212|First National Bank|13692|706|12171|2227|0|534733
21213|N/A|0|0|0|0|0|534769
21214|Ironworkers Local #340|218995|0|11437|0|207558|534777
21215|NONE|0|0|0|0|0|534782
21216|GMAC|17947|0|5982|0|11965|534791
21217|GMAC|13417|0|3355|0|10062|534791
21218|UNION SAVINGS BANK|0|23299|345||22954|534809
21219|MEMBER|2000|15000|17000||0|534813
21220|NONE|0|0|0|0|0|534823
21221|NONE|0|0|0|0|0|534826
21222|Bank of America|746599|0|106654||639945|534828
21223|BROTHERHOOD BANK|391957|0|44090|0|347867|534829
21224|NONE|0|0|0|0|0|534839
21226|Depaula Chevrolet Hummer, Inc.|34439|0|8537|25902|0|534863
21227|Depaula Chevrolet Hummer, Inc.|26053|0|3449|22604|0|534863
21228|Depaula Chevrolet Hummer, Inc.|26600|0|3432|23168|0|534863
21229|MORTGAGE PAYABLE|215632||11127||204505|534866
21230|Lori Hatfield|1084|2209|3293||0|534871
21231|LINCOLN AUTOMOTIVE FINANCIAL SERVICES|33366|0|5142|28224|0|534877
21232|LINCOLN AUTOMOTIVE FINANCIAL SERVICES|0|0|3656|0|40223|534877
21233|None|0|0|0|0|0|534882
21234|N/A|0|0|0|0|0|534883
21235|NBT Bank|18241|0|4560||13681|534889
21236|NO CALIFORNIA CARPENTERS REGIONAL|69089|0|58996||10093|534891
21237|Ford Credit|27686||27686||0|534900
21238|Ford Credit|0|28772|1282||27490|534900
21239|Ally|16722||16722||0|534901
21240|Ford Motor Credit|22198||22198||0|534901
21241|Ford Motor Credit|31539||31539||0|534901
21242|Ford Motor Credit|27347||6311||21036|534901
21243|Ford Motor Credit|24009||5333||18676|534901
21244|Ford Motor Credit|25597||5689||19908|534901
21245|Ford Motor Credit|8927||8927||0|534901
21246|N/A|0|0|0|0|0|534904
21247|Capital Lease|6394||2318|0|4076|534917
21248|Lessor-Wells Fargo|16804|0|16804|0|0|534923
21249|Lessor-Xerox|49617|0|20503|0|29114|534923
21250|Lessor-Xerox|32639|0|21405|0|11234|534923
21251|Lessor-Xerox|70503|0|43748|0|26755|534923
21252|Lessor-Pitney Bowes|17439|0|1661|15778|0|534923
21253|ALTON ROUTE CREDIT UNION|466|0|466|0|0|534925
21254|Auto loan payable||22942|7672||15270|534935
21255|Bank of America|416091|0|26347|0|389744|534944
21256|FORD CREDIT|13020|0|4236|0|8784|534966
21257|None|0|0|0|0|0|534967
21258|FIRST MIDWEST BANK|58057|0|58057|0|0|534968
21259|CHRYSLER FINANCIAL|16914|0|16914|0|0|534981
21260|FORD CREDIT|0|30656|5507|0|25149|534981
21261|BANK OF MARION|88962||31080||57882|535005
21262|BANK OF MARION|787213||27654||759559|535005
21263|LEASE PAYABLE|3012||1902||1110|535005
21264|None|||||0|535013
21265|Mortgage |71784|0|8704|0|63080|535051
21266|Automobile|33685|0|5870|0|27815|535051
21267|NONE|0|0|0|0|0|535063
21268|KITSAP BANK|37855|0|1721|0|36134|535071
21269|MORGAN STANLEY|0|200433|0|0|200433|535071
21270|Ally Bank|11962|0|0|7454|4508|535076
21271|NONE|0|0|0|0|0|535079
21272|NO. CA. CARPENTERS REGIONAL COUNCIL|2488412|0|57423|0|2430989|535086
21273|JP MORGAN CHASE BANK|100823|0|45560|0|55263|535094
21274|HORIZON BANK|780098|0|38362|0|741736|535115
21275|NONE|0|0|0|0|0|535124
21276|BROTHERHOOD BANK & TRUST L/T|750398|0|0|0|750398|535137
21277|BROTHERNOOD BANK & TRUST CONSTRUCTION LOAN|150000|0|0|0|150000|535137
21278|BROTHERHOOD BANK & TRUST AUTO LOAN|3050|0|3050|0|0|535137
21279|NONE|0|0|0|0|0|535157
21280|Mt. Washington Bank|224981|0|224981|0|0|535158
21281|NONE|0|0|0|0|0|535159
21282|NONE|0|0|0|0|0|535162
21283|Hometown Bank N.A.|0|405000|13535|0|391465|535163
21284|Brotherhood Bank & Trust|593727|0|19134|0|574593|535164
21285|NONE|0|0|0|0|0|535180
21286|N/A|0|0|0|0|0|535181
21287|Vehicle |34574|0|34574|0|0|535188
21288|BANK OF LABOR|918625||46624||872001|535206
21289|IBEW FCU|20754|0|3702|0|17052|535210
21291|None|0|0|0|0|0|535212
21292|Vystar Credit Union|0|0|0|0|0|535227
21293|NONE|0|0|0|0|0|535229
21294|NONE|0|0|0|0|0|535236
21295|NONE|0|0|0|0|0|535241
21296|Ford Credit|2370|0|2370|0|0|535242
21297|Ally Auto Loans|34623|0|34623|0|0|535242
21298|NONE|0|0|0|0|0|535244
21299|NA|0|0|0|0|0|535249
21300|NONE|0|0|0|0|0|535254
21301|Ford Credit|0|20030|20030|0|0|535255
21302|NOT APPLICABLE|0|0|0|0|0|535257
21303|J.A. ROCCO|675|0|0|0|675|535259
21305|TD Bank|280256||4299|275957|0|535266
21306|TD Bank|220000||2436||217564|535266
21307|NONE|0|0|0|0|0|535270
21308|NONE|0|0|0|0|0|535275
21309|NONE|0|0|0|0|0|535278
21310|ALLY BANK|0|22002|0|0|22002|535284
21311|FIRST UNITED BANK & TRUST|4885|0|4885||0|535293
21312|None|0|0|0|0|0|535294
21313|Ford Motor Credit Corp|0|17000|2751||14249|535351
21314|Community Bank|74078||12769||61309|535356
21315|ALLY BANK|123822|0|69324|0|54498|535373
21317|BROTHERHOOD BANK|14010|0|14010|0|0|535375
21318|WILMINGTON TRUST COMPANY|587488|0|0|0|587488|535378
21319|FIRST BANK OF DELAWARE|5102930|0|5102930|0|0|535378
21320|FIRST BANK OF DELAWARE|736462|0|736462|0|0|535378
21321|FIRST BANK OF DELAWARE|25892|0|25892|0|0|535378
21322|FIRST BANK OF DELAWARE|135114|0|135114|0|0|535378
21323|CHASE BANK|10936|0|4677|0|6259|535378
21324|FIRST BANK OF DELAWARE|0|6018000|76438|0|5941562|535378
21325|Ford Motor Credit|24467|0|4100|0|20367|535387
21326|Ford Motor Credit|27429|0|4596|0|22833|535387
21327|Ally|38628|0|11303||27325|535398
21328|Enterprise-Capital Lease Obligations on Vehicles|954877|653167|392328||1215716|535403
21329|BOA Investment Fund III, LLC|10612500|0|0|0|10612500|535403
21330|BOA Investment Fund III, LLC|4387500|0|0|0|4387500|535403
21331|AUTO INSTALLMENT LOAN|8940|0|5618||3322|535404
21332|AMERICAN EXPRESS|0|9228|||9228|535404
21333|GEORGIA BUILDING TRADES ACADEMY INC|0|17401|||17401|535404
21334|FIrst NBC Bank|237174||7268||229906|535405
21335|Line of Credit - M&T Bank|0|4934|4934|0|0|535409
21336|ALLY BANK - AUTO LOAN|21186|0|4503|0|16683|535413
21337|Rhinebeck Savings Bank|6822||3330||3492|535414
21338|Saratoga National Bank|10707||4326||6381|535414
21339|Bank Loan|27954|0|7010||20944|535422
21340|NONE|0|0|0|0|0|535424
21341|AMALGAMATED BANK OF CHICAGO|4700000||||4700000|535425
21342|EAGLE BANK|3265000||||3265000|535425
21343|Ally Bank (GMAC)|1525||1525||0|535429
21344|Ally Bank (GMAC)|589||589||0|535429
21345|NONE|0|0|0|0|0|535430
21346|NONE|0|0|0|0|0|535431
21347|Alliance Bank|4301|0|3410|0|891|535433
21597| Ricardo Silva and Associates|29309||29200||109|538825
21349|GMAC|38080|0|10578|27502|0|535451
21350|GMAC|32722|0|4908|27814|0|535451
21351|M&T BANK|63608|0|11926|0|51682|535451
21352|CHASE CARD SERVICE|7142||7142||0|535469
21353|NONE|0|0|0|0|0|535476
21354|None|0|0|0|0|0|535483
21355|NONE|0|0|0|0|0|535489
21356|United Leasing|6760|0|6760|0|0|535491
21357|GMAC 2011 ACADIA AUTO LOAN|27526|0|4756|0|22770|535500
21358|BANK OF AMERICA|26142125|0|2806226|0|23335899|535504
21359|Ally (GMAC Credit)|15447|0|15447||0|535506
21360|TEXAS GULF BANK|83178|0|11858|0|71320|535509
21361|NONE|0|0|0|0|0|535512
21362|LOCAL LODGE 83|4452305|0|4452305|0|0|535521
21363|JP MORGAN|12142819|0|11650019|0|492800|535521
21364|HUNTINGTON NATIONAL BANK-VEHICLE LOAN|33198|0|14328|0|18870|535526
21365|FORD MOTOR CREDIT|0|20488|20488|0|0|535528
21366|NONE|0||||0|535530
21367|Busey Bank Mortgage|1224403||38712||1185691|535541
21368|NJ State Fraternal Order of Police|267207|5664|3000||269871|535547
21369|Investors Bank|15207||3241||11966|535547
21370|ALLY FINANCIAL-TRUCK NOTE|20673|0|4330|0|16343|535549
21371|STATE FARM BANK|0|17005|4750|0|12255|535552
21372|BANCO POPULAR DE PR|1041863||37308||1004555|535565
21373|COOP A&C BO QUEBRADA|54894||2954||51940|535565
21376|GMAC Financing Corp|29526|0|6101|0|23425|535580
21378|US BANCORP EQ FINANCE|15899||5178||10721|535589
21379|GMAC|29189|0|9467||19722|535590
21380|NONE|0|0|0|0|0|535597
21381|TD AUTO FINANCE|10933|0|6074||4859|535600
21382|CHASE AUTO FINANCE|15401|0|6094||9307|535600
21383|CLEARVIEW FCU|0|33592|837||32755|535600
21384|JP Morgan Chase|500000|0|94614||405386|535612
21386|GMAC|21151||5450||15701|535617
21387|Powernet Credit Union|222557|0|8483|0|214074|535622
21388|Community Business Lenders|248805|146400|121683|0|273522|535629
21389|Weitz|114565|50132|164697|0|0|535629
21390|Ally|16534||3972||12562|535631
21391|Ally|18418||4123||14295|535631
21392|Regions|0||||0|535631
21393|Regions|919277||43764||875513|535631
21394|F&M|252828|47684|||300512|535631
21395|Regions|0||||0|535631
21396|Regions|170974||170974||0|535631
21397|Regions|63931||21181||42750|535631
21398|F&M|112000||||112000|535631
21399|Regions|0|993877|||993877|535631
21400|Pinnacle|0|353194|||353194|535631
21401|Regions|0|169473|||169473|535631
21403|None - Not Applicable|0|0|0|0|0|535637
21404|FORD MOTOR CREDIT|0|17889|8848|0|9041|535642
21405|FORD MOTOR CREDIT|0|10274|3425|0|6849|535642
21406|CREDIT CARD BALANCES|5564||2925||2639|535646
21407|UNCLAIMED VACATION FUND CHECKS|8311||||8311|535646
21408|FIRST COLLINSVILLE BANK|222353|0|52619|0|169734|535649
21409|United Labor Bank|2731|0|1750|0|981|535655
21410|NONE |0|0|0|0|0|535660
21411|CWA Loan I|261383|0|101295|0|160088|535671
21412|CWA Loan II|679657|0|65649|0|614008|535671
21413|Loan from Officer|100|0|100|0|0|535675
21414|NONE|0|0|0|0|0|535679
21415|WESTERN STATES TRUST FUND|0|52818|1821|0|50997|535682
21416|n/a|0|0|0|0|0|535687
21417|Ally Bank|0|25417|5918|0|19499|535690
21418|N/A|0|0|0|0|0|535695
21419|ALLAY|23076||16702|6374|0|535703
21420|ALLAY|8499||8499|0|0|535703
21421|ALLAY-PONTIAC|14691||3810|10881|0|535703
21422|SILVERADO NOTE|28608||5279|0|23329|535703
21423|2012 GMC YUKON NOTE|0|53180|7090|0|46090|535703
21424|2013 GMC YUKON NOTE|0|57504|0|0|57504|535703
21425|Bryn Mawr Trust Bank|64514|0|12110|0|52404|535708
21426|Line of Credit Suntrust Bank|916650|117361060|114548053||3729657|535709
21427|GMAC|6350|0|3628||2722|535713
21428|BANK OF AMERICA CREDIT CARDS-NET ACTIVITY|3740||1252||2488|535722
21429|NEGATIVE BALANCE RECEIVABLE|1||||1|535722
21430|UBCJA - Metairie, LA|2590000|0|0|0|2590000|535726
21431|SunTrust|19941|0|10037|0|9904|535731
21432|none|0|0|0|0|0|535733
21433|AUTOMOBILE LOAN|11504|0|11504|0|0|535734
21434|BROTHERHOOD BANK AND TRUST|3580871|0|117560|75000|3388311|535735
21435|Chase Bank (LOC)|500000|190000|690000|0|0|535741
21436|Chase Bank (Auto)|116667|0|35062|81605|0|535741
21437|U.S. Bank (Auto)|33779|0|5912|27867|0|535741
21438|Ally Financial (Auto)|335622|0|68688|266934|0|535741
21439|Detroit Metropolitan Credit Union (Auto)|0|17000|1573|0|15427|535741
21440|APCU|0|25000|25000||0|535743
21441|n/a|0|0|0|0|0|535749
21442|Midwest Carpenters & Millwrights FCU|64723|0|7874||56849|535791
21443|Hancock Bank Leasing-Savin Digital Copier|0|3500|1458|0|2042|535842
21444|2008 FORD FOUCS - FORD MOTOR CREDIT|3061||2814||247|535847
21445|2009 FORD FOCUS - FORD MOTOR CREDIT|4889||4857||32|535847
21446|Amalgated Bank of Chicago|146292||55825||90467|535852
21447|NONE|0|0|0|0|0|535857
21448|CREDIT CARDS|10336|4798|10336||4798|535860
21449|Ally Bank Auto Loan|25161||5424||19737|535861
21450|Ally Bank Auto Loan|24258||24258||0|535861
21451|Ally Bank Auto Loan||31060|2845||28215|535861
21452|Ally Bank Auto Loan||29531|1417||28114|535861
21453|GMAC CREDIT CORPORATION|241850|52598|134163|0|160285|535863
21520|Ally Financial|0|23104|2483|0|20621|537471
21454|INT'L BROTHERHOOD OF BOILERMAKERS|964276|150000|40078|0|1074198|535863
21455|BROTHERHOOD BANK & TRUST|1273830|0|1273830|0|0|535863
21456|THREE RIVERS CHRYSLER JEEP DODGE|20812|0|4718|0|16094|535863
21457|MARLIN BUSINESS BANK|145771|0|119354|0|26417|535863
21458|OUACHITA INDEPENDENT BANK|49683||49683||0|535868
21459|BROTHERHOOD BANK & TRUST|875000||600000||275000|535915
21460|DUE TO DISTRICT|298182|2977|||301159|535915
21461|GMAC - BUICK LA CROSSE|11401||4894||6507|535917
21462|UNITED LABOR BANK - BUILDING UNDER CONSTRUCTION|2366884|6553949|||8920833|535935
21463|BUILDING & LAND LOAN|405363|0|11778|0|393585|535940
21464|Capital Lease Obligation|2576||844||1732|535955
21465|Atlanta Postal Credit Union|582442|0|108792|0|473650|535964
21468|First Mid-Illinois Bank|1939|0|1939|0|0|535970
21469|First Mid-Illinois Bank|0|26000|3591|0|22409|535970
21470|automobile|12817|0|3037|0|9780|535975
21471|MORTGAGE PAYABLE|1350000|0|1165|0|1348835|535979
21472|N/A|0|0|0|0|0|535993
21474|0|0|0|0|0|0|536521
21475|loan payable|0|54390|||54390|536549
21476|GMAC|23286|0|11643|0|11643|536618
21477|None|0|0|0|0|0|536651
21478|N/A|0|0|0|0|0|536662
21479|GMAC AUTO LOAN 2010|3973|0|3973|0|0|536686
21480|GMAC AUTO LOAN 2011|10540|0|4972|0|5568|536686
21481|GMAC AUTO LOAN 2011|10540|0|4972|0|5568|536686
21482|GMAC AUTO LOAN 2013|0|12000|1579|0|10421|536686
21483|GMAC AUTO LOAN 2013|0|12000|1579|0|10421|536686
21484|Ally - Car Loan|18826|29356|23691||24491|536726
21485|The Savannah Bank|296327||9137||287190|536732
21486|Auto|82480|0|28614|0|53866|536750
21487|Wachovia-Line of Credit|236263|0|236263|0|0|536750
21488|0|0|0|0|0|0|536753
21489|Wells Fargo Auto Loan|0|14047|2374|0|11673|536778
21490|Bank of America Auto Loan|18447|0|18447|0|0|536778
21491|UFCW International Loan|0|380344|18973|0|361371|536778
21492|Ford Credit Auto Loan|0|14539|2794|0|11745|536778
21493|Ally Financial Auto Loan|0|19880|941|0|18939|536778
21494|Bank of America Mortgage|1387555|0|64996|0|1322559|536778
21495|None|0|0|0|0|0|536822
21496|East Side Neighborhood Dev.|6284|||1571|4713|536823
21497|SCPT DISTRICT COUNCIL 16|778785||437980||340805|536824
21502|CHASE AUTO FINANCE|0|24945|5325||19620|537000
21503|FORD CREDIT|0|425226|56673||368553|537000
21505|AFSCME|410000||115000|0|295000|537049
21506|NONE|0|0|0|0|0|537051
21507|KEYBANK NATIONAL ASSOC|13580||13580||0|537072
21508|P&CM LOCAL 111 HEALTH FUND||39959|4440||35519|537072
21511|n/a|0|0|0|0|0|537197
21512|Brotherhood Bank & Trust|0|25000|||25000|537200
21515|ALLY |0|35012|0|0|35012|537288
21516|ALLY|0|32832|642|0|32190|537288
21517|ALLY|0|32832|642|0|32190|537288
21518|CHASE AUTO FINANCE|0|30706|3624|0|27082|537288
21521|Smith Barney Line of Credit|129484||||135515|537598
21522|Ford Credit|16198||5806||10392|537617
21523|Ford Credit|21330||6304||15026|537617
21524|Ford Motor Credit Company|24011|63888|13278||74621|537622
21525|TD Auto Finance, LLC|0|37825|11023||26802|537622
21526|Cambridge Savings Bank|3539597|0|3539597|0|0|537663
21527|Liberty Bay Credit Union|0|2000000|1618846|0|381154|537663
21528|CWA International|906000|0|25231||880769|537757
21529|FORD CREDIT|10877|0|10877||0|537836
21530|Advanced Dues from National|0|198000|198000||0|537850
21531|CWA NATIONAL|158602|0|7682|0|150920|537907
21532|CWA NATIONAL RELIEF FUND|53130|0|53130|0|0|537907
21533|.|0|0|0|0|0|537986
21534|CWA NATIONAL|198790|||2530|196260|537995
21535|AUTOMOBILE INSTALLMENT LOAN|22867|0|4900||17967|538008
21536|none|0|0|0|0|0|538028
21537|COMMERCE BANK|547386|0|547386|0|0|538039
21538|COMMERCE BANK|1496089|0|49242|0|1446847|538039
21539|NONE|0|0|0|0|0|538192
21540|Massachusetts & Northern New England Laborers DC|50000|0|0|0|50000|538193
21541|0|0|0|0|0|0|538216
21543|National Basketball Players Association|983192|517368|265000|1235560|0|538277
21544|No Loans|0|0|0|0|0|538300
21545|WASHINGTON SAVINGS BANK|0|100000|1466||98534|538304
21546|Harris (Bldg. Loan)|639613||297752||341861|538305
21547|Riverside Line of Credit||200000|||200000|538305
21548|CWA NATIONAL|776342|0|0|24454|751888|538311
21549|ROBERT BORUNDA-NON INTEREST BEARING|0|3000|3000|0|0|538311
21550|MELINDA HAWKINS-NON-INTEREST BEARING|0|4000|4000|0|0|538311
21551|RODOLFO RODRIGUEZ-NON INTEREST BEARING|0|3000|3000|0|0|538311
21552|MEDIA GUILD RETIREMENT PLAN|0|446744|56737|0|390007|538324
21553|CWA MORTGAGE|129017|0|129017|0|0|538325
21554|FORD CREDIT|70052|37477|70777|0|36752|538334
21555|GREAT AMERICAN LEASING|25521|0|8563|0|16958|538334
21556|260 PARK AVENUE REALTY CORP.|41232397|0|27122|10680|41232959|538347
21557|49 EAST 21 COMPANY, INC.|8433227|0|2700|0|8433227|538347
21558|DE LAGE LANDEN FINANCIAL SERVICES|6630|0|6630|0|0|538347
21559|CWA WASHINGTON, DC|311068|0|9116|0|301952|538352
21560|MORTGAGE PAYABLE|69245|0|4343|0|64902|538357
21561|CWA INTERNATIONAL ADVANCE|0|97000|0|0|97000|538357
21562|Certificates payable|3350|0|0|0|3350|538358
21563|Martin Leasing Corp|97837|0|19829||78008|538419
21564|Southeast Financial Credit Union|89953||89953||0|538447
21565|Regions||90897|4808||86089|538447
21566|Regions|0|12764|4174||8590|538447
21567|OPEIU INTERNATIONAL|71000|29000|18333|0|81667|538454
21568|FORD MOTOR CREDIT|21507||6145||15362|538519
21569|FORD MOTOR CREDIT|0|28158|0||28158|538519
21570|C.W.A AFL-CIO NAT'L UNION|73250||35332||37918|538532
21571|UNION YES FCU - LINE OF CREDIT|275775||134116||141659|538532
21572|SOUTHSIDE BANK|0|23696|2514|0|21182|538533
21573|SOUTHSIDE BANK|0|25918|7699|0|18219|538533
21574|.|0|0|0|0|0|538535
21575|SOUTHSIDE BANK|14739|0|5083|0|9656|538539
21576|SOUTHSIDE BANK|14347|0|4948|0|9399|538539
21577|SOUTHSIDE BANK|12072|0|4164|0|7908|538539
21578|NONE|0|0|0|0|0|538543
21579|CWA INTERNATIONAL|113168|0|113036|0|132|538552
21580|N/A|0|0|0|0|0|538567
21581|ILLINOIS NATIONAL BANK|23763|0|23763|0|0|538571
21582|ILLINOIS NATIONAL BANK|0|29619|795|0|28824|538571
21583|DUE TO OFFICERS FOR OVERPAYMENT|628||628||0|538575
21584|KONICA MINOLTA PREMIER FINANCE|727506||151876|0|575630|538577
21585|KONICA MINOLTA PREMIER FINANCE|0|119808|4207||115601|538577
21586|CWA International|93206|0|8638||84568|538581
21587|FORD MOTOR CREDIT|0|7000|7000||0|538585
21588|FORD MOTOR CREDIT|0|7000|7000||0|538585
21590|None|0|0|0|0|0|538604
21591|NA|0|0|0|0|0|538606
21592|CWA INTERNATIONAL AFL-CIO|454584||265717||188867|538612
21593|PNC Bank, N.A.|209256|0|6805|0|202451|538637
21594|            ||||||538747
21595|CWA National Office|4745736|0|54932||4690804|538749
21596|NONE|0|0|0|0|0|538773
21859|None|0|0|0|0|0|545188
21598|Ricardo Silva and Associates||718|||718|538825
21599|Ricardo Silva and Associates||3685|||3685|538825
21600|Ricardo Silva and Associate||3000|||3000|538825
21601|PNC BANK|15157||7733||7424|538840
21602|PNC BANK|27207||9586||17621|538840
21604|N/A|0|0|0|0|0|539233
21605|DUE TO NATIONAL|465704|0|16209|0|449495|539250
21606|AUTO LOAN|0|18975|4345||14630|539308
21607|ALLY FINANCIAL|147247||117460||29787|539374
21608|IMPERIAL CREDIT|90331|154275|158163||86443|539374
21609|PNC|600000||600000||0|539374
21610|CWA AFL-CIO, CLC National Union|872721||31818||840903|539390
21611|Toledo Postal Employees Credit Union|117718|0|9199|0|108519|539417
21612|N/A|0|0|0|0|0|539687
21613|n/a|0|0|0|0|0|539767
21614|FORD CREDIT|10627|0|10627|0|0|539769
21615|ALLY|85994|0|85994|0|0|539769
21616|n/a|0|0|0|0|0|539773
21617|NONE-NOT APPLICABLE|0|0|0|0|0|539833
21618|n/a|||||0|539865
21619|Ally Bank|8450|0|4936||3514|539967
21620|FORD AUTO LOAN|13847||4893|8954|0|540259
21624|Copier Loan|4165|0|1800||2365|540490
21626|None|0|0|0|0|0|540652
21627|AUTOMOBILE|8667|0|8667||0|540691
21628|OCE FINANCIAL SERVICES, INC|1946||1224||722|540884
21629|LOCAL #532 BUILDING CORPORATION|24976|0|24976|0|0|541024
21630|NONE|0|0|0|0|0|541057
21631|0|||||0|541082
21632|M&T Bank|1152275||53683||1098592|541101
21633|Owed to Other Funds|8929|8298|8929|0|8298|541101
21634|NONE|0|0|0|0|0|541182
21635|Chevrolet Truck|15959|0|5892|0|10067|541209
21636|PNC BANK, PITTSBURGH, PA|202538|0|62496||140042|541245
21637|GMAC FINANCE|18776|0|9388||9388|541258
21638|ALLY FINANCIAL|28396|0|12170||16226|541258
21640|n/a|0|0|0|0|0|541363
21641|Capital Lease - Xerox w7525|11854|0|2525|0|9329|541365
21642|Peoples United Bank Credit|0|495|0|0|495|541372
21643|N/A|0|0|0|0|0|541400
21645|N/A|0|0|0|0|0|541494
21646|1.|||||0|541508
21647|Five Star Creidt Union|2129033|0|252117||1876916|541513
21648|None|0|0|0|0|0|541566
21649|MORTGAGE PAYABLE|379500|0|16566|0|362934|541611
21650|NONE|0|0|0|0|0|541653
21654|0|0|0|0|0|0|541686
21655|0|0|0|0|0|0|541686
21656|0|0|0|0|0|0|541686
21657|0|0|0|0|0|0|541686
21658|0|0|0|0|0|0|541686
21659|0|0|0|0|0|0|541686
21660|0|0|0|0|0|0|541686
21661|0|0|0|0|0|0|541686
21662|0|0|0|0|0|0|541686
21663|0|0|0|0|0|0|541686
21664|GMAC Auto Loan|31507|0|9694|0|21813|541687
21665|PNC Bank Term Loan|0|90000|14215|0|75785|541687
21666|None|0|0|0|0|0|541734
21667|none|0|0|0|0|0|541763
21668|FORD|21147|0|21147|0|0|541795
21669|ALLY BANK|0|25487|9817|0|15670|541795
21670|International union UAW|0|256200|0|0|256200|541827
21671|NONE|0|0|0|0|0|541828
21672|Security equipment bal. due|3278|0|3278|0|0|541956
21673|AMERICAN NATIONAL BK.|354960|0|29019|0|325941|542034
21674|USW DIST 7 STRIKE FUND|49996||||49996|542103
21675|NONE|0|0|0|0|0|542192
21676|CHASE|23326|0|5666|0|17660|542194
21678|Wells Fargo credit card|16001|0|16001|0|0|542347
21679|FORD EXPLORER AUTO LOAN|0|31284|4171|0|27113|542368
21680|FORD TAURUS AUTO LOAN|0|26579|1967|0|24612|542368
21681|Construction Company||59842|0|0|59842|542382
21682|Leasing Company||33421|792|0|32629|542382
21683|Albert Arno Inc.|22490|0|22490|0|0|542383
21684|NONE|0|0|0|0|0|542392
21685|None|0|0|0|0|0|542451
21686|International Union, UAW|286770|0|35635|0|251135|542467
21687|ALLY FINANCIAL|31332||4553|26779|0|542512
21688|ALLY FINANCIAL|0|41140|1224|0|39916|542512
21689|ALLY FINANCIAL|0|41501|1230|0|40271|542512
21690|ALLY FINANCIAL|0|41361|1225|0|40136|542512
21691|ALLY FINANCIAL|0|42519|534|0|41985|542512
21692|FORD MOTOR CREDIT|7787||7787||0|542543
21693|FORD MOTOR CREDIT|9255||8542||713|542543
21694|FORD MOTOR CREDIT|13336||13336||0|542543
21695|FORD MOTOR CREDIT|24775||6323||18452|542543
21696|ALLY BANK|60147||11641||48506|542543
21697|FORD MOTOR CREDIT||23174|637||22537|542543
21698|Ford Motor Credit|115613|33740|26830|14745|107778|542610
21699|Western Masschusetts Electric Company|2829|0|2829|0|0|542615
21701|AUTOMOBILE LOAN|34317|0|5461|0|28856|542752
21702|AUTOMOBILE LOAN|32833|0|6562|0|26271|542752
21703|AUTOMOBILE LOAN|62890|0|9608|0|53282|542752
21704|TEAMSTERS CREDIT UNION|9406|0|2300|0|7106|542756
21705|NONE|0|0|0|0|0|542771
21706|0|0|0|0|0|0|542811
21707|0|0|0|0|0|0|542820
21708|TEAMSTERS CREDIT UNION|13903|0|3849|0|10054|542822
21709|WELLS FARGO BANK, N.A.|11888|0|2512|0|9376|542822
21710|FORD CREDIT|31316|0|5375|0|25941|542822
21711|FORD CREDIT|30890|0|5411|0|25479|542822
21712|TEAMSTERS CREDIT UNION|9081|0|3752|0|5329|542825
21713|AUTOMOBILE LOAN|19618|0|11770|0|7848|542921
21714|Teamsters International Union|291000|0|0|0|291000|542923
21715|NONE|0|0|0|0|0|542931
21716|NONE|0|0|0|0|0|542937
21717|U.S. BANK|39307||39307||0|542943
21718|MORGAN STANLEY|430680||430680||0|542943
21719|0|0|0|0|0|0|542980
21720|NONE|0|0|0|0|0|542983
21721|Western Security Bank|2444|0|2444|0|0|542987
21722|Western Security Bank|8143|0|6997|0|1146|542987
21723|Western Security Bank|0|16426|1288|0|15138|542987
21724|NONE|0|0|0|0|0|543005
21725|NA|0|0|0||0|543052
21726|Notes Payable-Autos|21319|21682|10733||32268|543204
21727|Credit Line|55400||55400||0|543205
21728|Capital One Bank|105006|0|16876|0|88130|543289
21729|GMAC|29116|0|29116|0|0|543370
21731|Mid-State Chevrolet Buick|0|24144|0|0|24144|543415
21732|Ameriserv Financial Bank|248644||11347||237297|543418
21733|IMCU OPERATING LOAN ($25,000 CD COLLATERAL)|14426||2242||12184|543490
21734|IMCU 2010 LINCOLN MKZ|22803||4838||17965|543490
21735|IMCU 2005 BUICK PARK AVENUE|3748||3748||0|543490
21736|STAR FINANCIAL LINE-OF-CREDIT (BLDNG COLLATERAL)|0|17500|1483||16017|543490
21737|NONE|0|0|0|0|0|543495
21746|NONE|0|0|0|0|0|543565
21747|NONE|0|0|0|0|0|543566
21748|0|0|0|0|0|0|543585
21749|1st Community Credit Union|152966|0|2399|0|150567|543591
21750|NONE|0|0|0|0|0|543602
21751|AUTO LOANS - IKIBEW FEDERAL CREDIT UNION|53850|0|53850|0|0|543636
21752|Bank of Springfield|2062665||57085||2005580|543650
21753|JP MORGAN CHASE|44006|0|44006|0|0|543661
21754|NONE|0|0|0|0|0|543684
21755|MCKESSON FCU|8504|0|3016|0|5488|543700
21756|0|0|0|0|0|0|543722
21757|Ally|30803||13201||17602|543825
21758|Loan Payable on Building|699167||44401||654766|543827
21759|Black Hill Federal Credit Union|23844||4104||19740|543831
21760|0|0|0|0|0|0|543837
21763|NONE|0|0|0|0|0|543877
21764|PNC Bank|103087|0|8483|0|94604|543891
21765|0|0|0|0|0|0|543892
21766|NONE|0|0|0|0|0|543911
21767|0|0|0|0|0|0|543912
21768|ALLY - GMAC -VEHICLE LOANS |86420|0|64815|0|21605|543914
21769|N/A|0|0|0|0|0|543915
21770|FORD MOTOR COMPANY|19537|14222|13660||20099|543935
21771|CHASE AUTO FINANCE|0|50794|7952|0|42842|543937
21772|M & T BANK|12280|0|6630|0|5650|543958
21773|none|0|0|0|0|0|543959
21774|NONE|0|0|0|0|0|543983
21775|NONE|0|0|0|0|0|544028
21776|Chase Auto Finance|0|70781|4570|41604|24607|544032
21777|ALLY BANK|23018|0|4396|0|18622|544060
21778|PNC Bank|0|25000|1075||23925|544084
21779|Citi Bank|523785|0|523785|0|0|544094
21780|NONE|0|0|0|0|0|544104
21781|FNB Bank|248194|0|23261||232881|544107
21782|Ford Motor Credit|0|17000|703||16297|544107
21783|NE TEAMSTERS FCU|0|24371|24371|0|0|544112
21784|N/A|0|0|0|0|0|544219
21785|N/A|0|0|0|0|0|544219
21786|N/A|0|0|0|0|0|544219
21787|N/A|0|0|0|0|0|544219
21788|N/A|0|0|0|0|0|544219
21789|N/A|0|0|0|0|0|544219
21790|N/A|0|0|0|0|0|544219
21791|N/A|0|0|0|0|0|544219
21792|N/A|0|0|0|0|0|544219
21793|N/A|0|0|0|0|0|544219
21795|FORD MOTOR CREDIT CAR -1|2596|0|2596|0|0|544260
21796|0|0|0|0|0|0|544296
21797|0|0|0|0|0|0|544303
21798|GMAC|21710|0|21710|0|0|544319
21799|WORKERS UNITED|85317|0|0|0|85317|544323
21800|AMERICAN FASHION|95000|0||95000|0|544323
21801|Ford Motor Credit Company|0|44612|4824|0|39788|544326
21802|NONE|0|0|0|0|0|544330
21803|NONE|0|0|0|0|0|544338
21804|National Postal Mail Handlers Union|134744|0|47165|0|87579|544365
21805|MORTGAGE|313888|0|313888|0|0|544370
21807|International union,UAW|25711|0|25711|0|0|544374
21808|NONE|0|0|0|0|0|544380
21809|Ford/Lincoln - Auto loans|119025|30390|54241|0|95174|544404
21810|ALLY BANK|3883|0|3883||0|544420
21811|FORD CREDIT|0|27498|5347|0|22151|544426
21812|Roofers 149 Property Company|326782|0||3600|323182|544434
21813|NONE|0|0|0|0|0|544479
21814|FORD MOTOR CREDIT|26002|75865|80589||21278|544498
21815|Iberia Bank - Line of Credit|0|17000|17000||0|544520
21816|N/A|0|0|0|0|0|544540
21817|Auto Loan 2010 GMC Acadia|11034||8670||2364|544553
21818|Auto Loan 2012 Ford Fusion Grey|17559||3862||13697|544553
21819|Auto Loan 2012 Ford Fusion Bordeaux|17470||3842||13628|544553
21820|NONE|0|0|0|0|0|544579
21822|FORD CREDIT - AUTO LOAN|11427|0|10514|0|913|544590
21823|ALLY BANK|30087|0|7849|0|22238|544597
21824|ALLY BANK|33674|0|8979|0|24695|544597
21825|ALLY BANK|34582|0|9022|0|25560|544597
21826|GMAC Automobile|35467|18194|15838|0|37823|544602
21827|None|0|0|0|0|0|544603
21828|Ford Credit|12773|0|12773||0|544605
21829|CAPITAL LEASE PAYABLE - PHONE SYSTEM|0|22418|2400|0|20018|544629
21830|National Union of HHCE|0|40000|6800||33200|544633
21831|Huntington Bank|1042104|0|210451|0|831653|544650
21832|None|||||0|544651
21833|NONE|0|0|0|0|0|544696
21834|2013 FORD F150|0|13213|0|0|13213|544735
21835|QUIRK CHRYSLER JEEP|28033||5934||22099|544792
21836|AUTO LOAN-CHASE|4029|0|4029|0|0|544793
21837|AUTO LOAN-TD BANK|5268|0|5268|0|0|544793
21838|AUTO LOAN-ALLY|10066|0|4458|0|5608|544793
21839|AUTO LOAN-ALLY|20566|0|7259|0|13307|544793
21840|COMERICA BANK|1508764|0|1508764|0|0|544794
21841|DISTRICT CO 36 PENSION|7858465|0|7858465|0|0|544794
21842|BANK OF AMERICA|0|7860000|175526|0|7684474|544794
21843|OHIO TEAMSTERS CREDIT UNION|33620||6665||26955|544798
21844|OHIO TEAMSTERS CREDIT UNION|34793||6897||27896|544798
21845|OHIO TEAMSTERS CREDIT UNION|35756||7089||28667|544798
21846|Auto loans payable|4166|0|4166|0|0|544878
21847|ALLY FINANCIAL|11825|0|11825|0|0|544926
21848|NE TEAMSTERS FCU|6563|43672|21561|0|28674|544926
21849|UNION YES FEDERAL CREDIT UNION|18017|0|4851|0|13166|544999
21850|VISA - CREDIT CARD|4200|0|1212|0|2988|544999
21851|NONE|0|0|0|0|0|545076
21852|NONE|0|0|0|0|0|545107
21853|UFCW International Union|4000||4000||0|545109
21854|Notes Payable-Autos|79418|101552|60699||120271|545109
21855|N / A|0|0|0|0|0|545140
21856|N/A|0|0|0|0|0|545161
21857|Ford Motor Credit|27829|39804|24108|0|43525|545180
21858|NONE|0|0|0|0|0|545185
22114|Ford Credit - Truck Loan|42488|0|8585|0|33903|547629
21860|Hometown Bank|94230||94230||0|545211
21861|NONE|0|0|0|0|0|545212
21862|FORD MOTOR CREDIT |164466|72126|67122|0|169470|545215
21863|Auto Loans Payable|75961|35518|46410|0|65069|545218
21864|HOLCOMB BANK|4000|0|4000|0|0|545232
21865|Leaf Financial Corporation|317|0|317|0|0|545241
21866|FORD CREDIT|0|28521|9314|0|19207|545263
21867|FORD CREDIT|0|34692|570||34122|545352
21868|UURWAW INTERNATIONAL UNION|32500|0|0|0|32500|545362
21869|NONE|0|0|0|0|0|545365
21871|NONE|0|0|0|0|0|545388
21872|AUTO LOAN-ALLY|14584|0|7001|0|7583|545430
21873|no loans payable|0|0|0|0|0|545436
21874|NONE|0|0|0|0|0|545439
21875|ALLY|46399|0|17157||29242|545522
21876|NONE|0|0|0|0|0|545541
21877|AUTO LOAN|0|31580|1956||29624|545542
21878|Ally Auto|10093|0|10093|0|0|545566
21879|Ford Motor Credit|0|7500|7500|0|0|545566
21880|FORD MOTOR CREDIT CO.|7525|78797|16280|0|70042|545582
21882|WEBSTER BANK|73741|0|9330|0|64411|545587
21883|NONE|0|0|0|0|0|545590
21884|Equipment Loan|3761||1216||2545|545591
21885|Commerce Bank|20463|0|3833||16630|545596
21886|Sheet Metal Workers #80|1423699|31941|0|0|1455640|545607
21887|Sheet Metal Workers #80|576921|0|65687|0|511234|545607
21888|Promissory Note Bank of Denver |266505|0|266505|0|0|545619
21889|Ally Bank|28831||7281||21550|545623
21890|Ford Motor Credit|23577||5100||18477|545623
21891|Ford Motor Credit - Stage|18858|0|10775|0|8083|545642
21892|Illinois National Bank|395237||15397||379840|545654
21893|COMMUNITY BANK 3.13%-4.74%|218888|205872|130982|0|293778|545661
21896|MORGAN STANLEY CREDIT LINE|1154860|34889|1186947|0|2802|545669
21897|Line of Credit|250000|0|34522||215478|545675
21898|Mortgage|177693|0|32902||144791|545675
21899|Ford Credit|0|10000|273||9727|545682
21900|GMAC|27555|0|6618|0|20937|545696
21901|FORD CREDIT|24973|0|5602|0|19371|545696
21902|None|0|0|0|0|0|545712
21903|NONE|0|0|0|0|0|545747
21904|Ally Bank|21533|0|4506|0|17027|545795
21905|FIRST NATIONAL BANK|0|273000|8057||264943|545798
21906|Ervin Leasing Company|11090|0|4563|1478|5049|545802
21907|M&T BANK|0|23939|30||23909|545822
21908|NONE|0|0|0|0|0|545851
21909|M&T BANK|66667|0|66667|0|0|545880
21910|NEFCU|30566|0|0|10775|19791|545894
21911|Verizon Credit Inc|7245|0|7245|0|0|545917
21912|None|0|0|0|0|0|545935
21913|NONE|0|0|0|0|0|545936
21914|Susquehanna Bank|16611||2391||14220|545974
21915|Susquehanna Bank|13721||1660||12061|545974
21916|Susquehanna Bank|16184||2321||13863|545974
21917|Old Second National Bank|40816|0|22786|0|18030|545978
21918|Ford Credit|28331|80436|16572|0|92195|545978
21919|Ally|0|44560|2721|0|41839|545978
21920|NONE|0|0|0|0|0|545981
21921|Ally Financial|80062|0|14272|35784|30006|545983
21922|0|0|0|0|0|0|546007
21923|MoneyOne FCU Loan|191102|0|97982|0|93120|546016
21924|SEIU International (Labor Organization)|375000|0|0|0|375000|546041
21925|TD BANK, N.A.|27823||6933||20890|546042
21926|NONE|0|0|0|0|0|546057
21927|NP FORD CREDIT|15518|28998|5960|9000|29556|546087
21928|First Citizens Bank|736454|0|45011||691617|546090
21929|N/A|0|0|0|0|0|546092
21930|DELANGE LANDEN|6234|0|6234||0|546121
21931|DARRELL & ANNA FISHER|14041|0|14041||0|546121
21932|MORTGAGE PAYABLE - WELLS FARGO|514806|0|60191||454615|546175
21933|NONE|0|0|0|0|0|546176
21934|N/A|||||0|546185
21935|ENTERPRISE BANK & TRUST|0|392000|0|0|392000|546243
21936|CHRYSLER FINANCIAL|0|46440|2580|0|43860|546243
21937|UFCW International|218085|0|48000|0|170085|546259
21938|GMAC|21281|0|6254|0|15027|546280
21939|Ford Motor Credit|0|25631|2998|0|22633|546280
21940|TOLEDO PORT AUTHORITY|448686|0|26943|0|421743|546320
21941|NEIGHBORHOOD CREDIT UNION|289777||39897||249880|546349
21942|SUNTRUST BANK|58530|0|58530|0|0|546367
21943|Auto loans payable|16981|0|16981|0|0|546381
21944|Ford Motor Credit #6|6992||6992||0|546389
21945|Ford Motor Credit #7|6104||6104||0|546389
21946|Ford Motor Credit #8|7973||7973||0|546389
21947|Ford Motor Credit #9|18199||9014||9185|546389
21948|Ally Bank#10||24331|10814||13517|546389
21949|Chryylser Credit #11||35191|2933||32258|546389
21950|Ford Motor Credit#12||25244|2104||23140|546389
21951|Ford Motor Credit#13||25244|2104||23140|546389
21952|UNION YES FEDERAL CREDIT UNION|350340|27000|53026|0|324314|546395
21953|SO CA PIPE TRADES DC 16|183614|0|10026|0|173588|546395
21954|GMAC/CHRYSLER FINANCIAL|22504|50771|12808||60467|546396
21955|FORD FINANCIAL|23839||4361||19478|546396
21956|NONE|0|0|0|0|0|546413
21957|N/A|0|0|0|0|0|546427
21958|Ford Credit|0|24517|1438||23079|546501
21959|NONE|0|0|0|0|0|546505
21960|FORD CREDIT|5352||5352||0|546518
21961|Teamsters 771 Fed Credit Union|6814|0|5192|0|1622|546549
21962|Teamsters 771 Fed Credit Union|7080|0|5394|0|1686|546549
21963|IBEW 146 CREDIT UNION|7913|0|3238||4675|546561
21964|NONE|0|0|0|0|0|546592
21965|NOTE PAYABLE ALLY|23447|0|23447||0|546612
21966|JP MORGAN CHASE BANK|31019|0|6959|0|24060|546613
21967|ALLY FINANCIAL BANK|35344||8858||26486|546654
21968|Capital lease|77088||25027||52061|546672
21969|AFSCME International|200000||75000||125000|546672
21970|Council 79 - Bldg Corp|113129||||113129|546672
21971|Due to Council 79 - Bldg Corp|24140||12000||12140|546672
21972|NONE|0|0|0|0|0|546698
21973|none|||||0|546715
21974|IB of Electrical Workers Local 8|50017||24000||26017|546716
21975|UA Local 50 Plumbers & Steamfitters|50000||24000||26000|546716
21976|IW of H&F and Asbestos Workers Local 45|20000||9600||10400|546716
21977|NWO Laborers Local 500|1000||||1000|546716
21978|Painters & Decorators Local 7|20000||9600||10400|546716
21979|Sheet Metal Workers Local 33|50000||24000||26000|546716
21980|Auto Loan|11756|0|4077|0|7679|546724
21981|Workers United|335000|0|0|0|335000|546728
21982|SEIU|150000|0|0|0|150000|546728
21983|NONE|0|0|0|0|0|546735
21984|NATIONAL POSTAL MAIL HANDLERS UNION|306611|0|0|105061|201550|546738
21985|TD BANK|0|252000|1364|0|250636|546738
21986|AUTO LOAN-US BANCORP|5707|0|5707|0|0|546791
21987|AUTO LOAN-ALLY|10916|0|2911|0|8005|546791
21988|AUTO LOAN-ALLY|0|28047|0|0|28047|546791
21989|AUTO LOAN-ALLY|0|29120|0|0|29120|546791
21990|AUTO LOAN-ALLY|0|29642|0|0|29642|546791
21991|Mortgage Note Payable|344424|0|12639||331785|546795
21992|Construction Note Payable|155334|0|5700||149634|546795
21993|Vehicle Loans|371681|438541|364744||445478|546795
21994|Seafarers In'l Union of N.A.-AGLIW|614993|250000|64993||800000|546801
21995|UA LUOE PENSION FUND|21337|0|5689|0|15648|546804
21996|CHRYSLER CAPITAL|0|15208|15208|0|0|546804
21997|CHRYSLER CAPITAL|0|26924|0|0|26924|546804
21998|Loan payable to BTA Federal Credit Union|12843|0|6606|0|6237|546808
21999|Loan payable to Ally Bank|1946|0|1946|0|0|546808
22000|Seafarers International Union of N.A. AGLIW|1729645|180000|45000|0|1864645|546817
22001|None|0|0|0|0|0|546835
22002|Seafarers International Union of N.A. AGLIW|240000|0|10000|0|230000|546839
22003|San Diego County Credit Union|6638|0|6638|0|0|546849
22004|California Bank & Trust|19325|0|3780|0|15545|546849
22005|MOKENA 191/88 LLC|403150|0|0|403150|0|546851
22006|UA DISTRICT COUNCIL 16|290875||15523||275352|546853
22007|United Association LU823|0|45766|45766|0|0|546876
22008|NONE|0|0|0|0|0|546880
22009|N/A|0|0|0|0|0|546897
22010|M&T Bank|18658|0|4410|0|14248|546907
22011|Lincoln Automotive Financial Services|9250|0|4112|0|5138|546907
22012|Ford Motor Credit|42203|0|11510|0|30693|546908
22013|PNC Construction Loan|1240704|0|67983|0|1172721|546913
22014|PA ISRP Loan|506189|0|31867|0|474322|546913
22015|NONE|0|0|0|0|0|546914
22016|Ford Credit|11561||3920||7641|546927
22017|NONE|0|0|0|0|0|546935
22018|N/A|0|0|0|0|0|546936
22019|Synergy Resources|1698|0|1698|0|0|546938
22020|Ally|24490|0|5139|0|19351|546938
22021|Citizens Bank|295789|0|19384|0|276405|546938
22022|Mortgage loan|462056||26192||435864|546939
22023|none|0|0|0|0|0|546941
22024|NONE|0|0|0|0|0|546953
22025|Auto loans payable|106453|87034|66725|0|126762|546956
22026|FORD MOTOR CREDIT COMPANY|0|35026|4086|0|30940|546959
22027|NONE|0|0|0|0|0|546968
22028|NONE|0|0|0|0|0|546977
22029|None|0|0|0|0|0|546982
22030|TULSA FEDERAL C.U.|0|50000|2766||47234|547021
22031|NONE|0|0|0|0|0|547063
22032|Comerica Bank|1183649||156830||1026819|547078
22033|NONE|0|0|0|0|0|547080
22034|NONE|0|0|0|0|0|547085
22035|Citizens Bank|9620||9620||0|547096
22036|Old Second National Bank|1509386||25614||1483772|547102
22037|Ford Credit||17873|3651||14222|547102
22038|AUTO LOAN - ALLY BANK|16445||4691||11755|547103
22039|AUTO LOAN - ALLY BANK|15383||4465||11300|547103
22040|AUTO LOAN - ALLY BANK|22725||3773||19776|547103
22041|AUTO LOAN - ALLY BANK|14722||2444||12277|547103
22042|AUTO LOAN - ALLY BANK|31150||5172||25978|547103
22043|AUTO LOAN - ALLY BANK|22412||3660||18753|547103
22044|Capital lease obligation|0|6005|713||5292|547106
22045|N/A|0|0|0|0|0|547107
22046|N/A|0|0|0|0|0|547109
22047|N/A|0|0|0|0|0|547121
22048|NONE|0|0|0|0|0|547145
22049|N/A|0|0|0|0|0|547157
22050|NONE|0|0|0|0|0|547160
22051|LOCAL 513|10842||6397|0|4445|547161
22052|METRO CU. MORTGAGE|240859||8164|0|232695|547161
22053|HUNTINGTON N BANK|15711|0|15711|0|0|547163
22054|FORD CREDIT|0|28722|28722|0|0|547163
22055|HUNTINGTON BANK|0|28424|5239|0|23185|547163
22056|BANK OF AMERICA|35727||8224||27503|547180
22057|JOHNSON BANK|361054|0|361054|0|0|547185
22058|FORD CREDIT (24 AUTOMOBILES)|300039|331410|250560|0|380889|547185
22059|PNC Construction Loan|1158834||163600||995234|547202
22060|ALLY BANK|26358|0|3106|23252|0|547225
22061|RBS CITIZENS|0|0|2300|-54054|51754|547225
22062|LAKE TRUST CREDIT UNION|706993|0|36760|0|670233|547233
22063|Dell|23474|0|3604|16266|3604|547242
22064|Avaya|6787|0|5126|1661|0|547242
22065|First Midwest Bank|37545|0|7400||30145|547242
22066|REGIONS BANK|26000|0|828|0|25172|547251
22067|Installment Notes|7902|57450|14099|6321|44932|547258
22068|Automobile Loan|3099|0|3099|0|0|547261
22069|LINE OF CREDIT|0|408310|145362||262948|547264
22070|FORD CREDIT|0|23928|23928||0|547282
22071|First Tennessee Bank|50000|0|3585|46415|0|547290
22072|GMAC|6553|0|4626|0|1927|547296
22073|ALLY GMAC|148510|0|43167|0|105343|547298
22074|TD BANK|0|140000|12083|0|127917|547308
22075|NONE|0|0|0|0|0|547312
22078|Seneca Federal Savings and Loan|55180|0|44925|0|10255|547357
22079|N/A|||||0|547379
22080|Amalgamated Bk of Chicago|1698243|0|92802||1605441|547389
22081|mortgage|633093|5000|21170||616923|547398
22082|auto loan||17244|784||16460|547398
22083|Local 4 Joint Apprentice Committee|121042|||59072|61970|547398
22084|Louis Pernice|20000|0|20000|0|0|547440
22085|Small Business Administration|0|143900|729|0|143171|547440
22086|STATE OF MARYLAND|212500|0|0|0|212500|547469
22087|HUNTINGTON BANK|3274|0|3274|0|0|547488
22088|NONE|0|0|0|0|0|547489
22089|N/A|||||0|547496
22090|N/A|0|0|0|0|0|547524
22091|HUNTINGTON BANK|17229|0|17229|0|0|547526
22092|None|0|0|0|0|0|547539
22093|FORD CREDIT|0|22342|2398|0|19944|547543
22094|FORD CREDIT|0|22216|1901|0|20315|547543
22095|NONE|0|0|0|0|0|547547
22096|N/A|||||0|547549
22097|GMAC|25191|0|8637|0|16554|547556
22098|CENTRAL BANK|8124|0|6919|0|1205|547558
22099|NONE|0|0|0|0|0|547561
22100|FORD CREDIT (EXPLORER 10-1)|20941||20941||0|547572
22101|FORD CREDIT (EXPLORER 10-2)|22002||22002||0|547572
22102|FORD CREDIT (F-150)|38367||11856||26511|547572
22103|FORD CREDIT (F-150)||52728|14788||37940|547572
22104|FORD CREDIT (F-150)||52440|12555||39885|547572
22105|NONE|0|0|0|0|0|547578
22106|FORD CREDIT |7277|0|7277|0|0|547588
22107|ALLY BANK|44347|0|8063|0|36284|547588
22108|PNC BANK|1494783|0|376235|0|1118548|547588
22110|Bank of Denver Fast Draw|0|15874|15874|0|0|547590
22111|ALLY BANK|10072|0|1274|0|8798|547591
22112|PLUMBERS & FITTERS LOCAL 675 FEDERAL CREDIT UNION|172005||32755||139250|547603
22113|Longo Lexus|0|32121|3482||28639|547608
22372|Ford Motor Credit|6175|0|6175|0|0|549003
22115|Ford Credit - Truck Loan|43927|0|8770|0|35157|547629
22116|PNC Bank - Line of Credit|100000|0|0|0|100000|547629
22117|FORD CREDIT-2010 F-150 TRUCK|24354|0|7732||16622|547634
22118|FORD CREDIT-2011 EXPLORER|22768|0|7873||14895|547634
22119|FORD CREDIT-2011 EXPEDITION|32857|0|8745||24112|547634
22120|CHOICEONE BANK|215054|0|50419|0|164635|547651
22121|n/a|0|0|0|0|0|547659
22122|CITY NATIONAL BANK|2700650|0|1442240|0|1258410|547673
22123|UNITE HERE International Union|477500|0|12000|0|465500|547722
22124|N/A|0|0|0|0|0|547724
22125|IA Local 45|115562|0|3928|0|111634|547732
22126|Amalgamated Bank|12045||12045||0|547734
22127|Chase Auto Finance|12894||12894||0|547734
22128|GMAC|13584||13584||0|547734
22129|Ally Financial||34873|2881||31992|547734
22130|Ally Financial||73575|4007||69568|547734
22132|City National Bank|0|4000000|375000|0|3625000|547751
22134|bank|45028||19513||25515|547763
22133|Ford Credit|7588|39938|21947|0|25579|547762
22135|NONE|0|0|0|0|0|547764
22136|N/A|0|0|0|0|0|547771
22137|MANATEE COMMUNITY FCU|3915|0|3915|0|0|547772
22138|Fred Kelley|2389|0|2389|0|0|547781
22139|CITIZENS BANK - AUTO LOAN|0|34500|34500|0|0|547785
22140|CITIZENS BANK - AUTO LOAN|0|43250|21515|0|21735|547785
22141|MEMBERS FIRST CREDIT UNION|16302|0|3661|0|12641|547788
22142|MEMBERS FIRST CREDIT UNION|12096|0|4226|0|7870|547788
22143|MEMBERS FIRST CREDIT UNION|19392|0|4135|0|15257|547788
22144|MEMBERS FIRST CREDIT UNION|19385|0|3959|0|15426|547788
22145|NONE|0|0|0|0|0|547789
22146|N/A|0|0|0|0|0|547794
22147|Ford Motor Credit|17905|0|8158|0|9747|547798
22148|Ally Bank|27838|0|7878|0|19960|547798
22149|Ford Credit|20225||6291||13934|547815
22150|Line of Credit W & H Bank|14500|0|14500|0|0|547847
22151|Fred D. Kelley|26682|0|7082|0|19600|547847
22152|NONE|0|0|0|0|0|547848
22153|NONE|0|0|0|0|0|547851
22154|N/A|0|0|0|0|0|547868
22155|CANON FINANCIAL SERVICES, INC.|9777|0|3248|0|6529|547869
22156|MAILROOM CONSULTANTS|14383|0|6814|0|7569|547869
22157|Viriva Credit Union|291902||92498|0|199404|547873
22158|Sovereign Bank line of credit|3475101|0|0|0|3475101|547873
22159|Ally Bank|0|44387|1986|0|42401|547873
22160|Ally Bank|0|284565|4238|0|280327|547873
22161|Auto Loans Payable|50975|74638|26352|0|99261|547909
22162|NONE|0|0|0|0|0|547911
22163|GMAC|10263|0|2932|7331|0|547919
22164|AMALGAMATED BANK|0|250000|1883||248117|547926
22165|I.U. Per Capita Loan|0|44282|0|0|44282|547942
22166|ALLY Bank|6919|0|5189|0|1730|547945
22168|N/A|0|0|0|0|0|547952
22167|WELLS FARGO BANK NA|13863714|0|4620000|0|9243714|547951
22169|NONE |0|0|0|0|0|547970
22170|N/A|0||||0|547971
22171|NONE|0|0|0|0|0|547974
22173|NONE|0|0|0|0|0|547988
22172|NONE|||||0|547987
22174|FORD MOTOR CREDIT - LINCOLN|1180||1180||0|547999
22175|FORD MOTOR CREDIT - EXPLORER|19310||8601||10709|547999
22176|FORD MOTOR CREDIT - EXPLORER|13668||4841||8827|547999
22177|GMAC Vehicle Loans|15722||12836||2886|548013
22178|Handcock Bank - Vehicle|2186|0|2186|0|0|548014
22179|Ally (GMAC)|21675|0|5077|0|16598|548037
22180|Ally financial|0|21446|1529|0|19917|548038
22181|Ford Credit|18472|0|2351|16121|0|548038
22182|Ford Motor Credit|22964||7252||15712|548041
22183|FORD CREDIT|15321||9677||5644|548052
22184|ALLY|29138||9450||19688|548052
22185|United Labor Bank|21722|0|21722|0|0|548063
22186|FORD MOTOR CO CREDIT|90683|0|19356|0|71327|548093
22187|INTERNATIONAL BROTHERHOOD OF TEAMSTERS|150000|0|0|150000|0|548103
22188|INTERNATIONAL BROTHERHOOD OF TEAMSTERS|40658|0|40658|0|0|548103
22189|LINCOLN AUTOMOTIVE|13455|0|13077|378|0|548103
22190|NONE|0|0|0|0|0|548112
22191|SEIU LOCAL 2007|1656070|0|0|1656070|0|548116
22192|GEORGE ELKINS MORTGAGE BANKING|3136050|0|109866|0|3026184|548116
22193|n/a|0|0|0|0|0|548119
22195|FORD CREDIT|25483|24895|50378|0|0|548125
22194|N/A|0|0|0|0|0|548124
22196|NONE|0|0|0|0|0|548147
22197|EAGLE BANK AND TRUST|1614415|0|88347|0|1526068|548152
22199|Ford Motor Company|0|28638|7522||21116|548159
22200|NONE|0|0|0|0|0|548164
22201|Ford Credit|11150||7433||3717|548168
22202|Ford Credit|16807||11238||5569|548168
22203|Ford Credit|20054||4011||16043|548168
22204|Vehicle Loan|19176|0|3865|0|15311|548170
22205|GMAC|0|17718|4248||13470|548183
22206|no loan|||||0|548188
22207|GMAC|8897|0|8897|0|0|548193
22208|GMAC|22205|0|4935|0|17270|548193
22209|N/A|0|0|0|0|0|548205
22210|Ally Bank|5313|0|5313|0|0|548227
22211|Ford Motor Credit|11713|0|11713|0|0|548227
22212|Ally Bank|12283|0|12283|0|0|548227
22213|Ford Motor Credit|16314|0|3241|0|13073|548227
22214|Ally Bank|18978|0|6520|0|12458|548227
22215|Ally Bank|0|20415|5886|0|14529|548227
22216|Ally Bank|0|19915|5741|0|14174|548227
22217|Ally Bank|0|19989|5763|0|14226|548227
22218|Ford Motor Credit|0|15851|3691|0|12160|548227
22219|Ally Bank|0|15777|1200|0|14577|548227
22220|UFCW International|87000|0|60000|0|27000|548227
22221|ALLY|7916|0|2639|5277|0|548246
22222|ALLY|8707|0|2895|5812|0|548246
22223|FORD MOTOR CREDIT|0|23811|2381|0|21430|548246
22224|Equipment leases|151545|0|58141|0|93404|548262
22225|NONE|0|0|0|0|0|548264
22228|AUTOMOBILE FINANCING|8893|0|3499|0|5394|548275
22229|BANK FINANCING|437470|338000|160663|0|614807|548275
22230|AUTOMOBILE FINANCING|0|58506|12350|0|46156|548275
22232|NONE|0|0|0|0|0|548279
22233|Auto loan - Ford Motor Credit|16187|0|6609|0|9578|548292
22234|THE CITI GROUP-COPIER LEASE|6060|0|1389|0|4671|548296
22235|TAMCO CAPITAL CORP-TELEPHONE LEASE|13363|0|2681|0|10682|548296
22236|First Hawaiian Bank (Building)|355311||7698||347613|548300
22237|Member Advance|330||330||0|548300
22238|Ally Bank|130300|21454|66900||84854|548324
22239|Ford Motor Credit|0|60424|11205||49219|548324
22240|NA|0|0|0|0|0|548356
22241|Building Loans|116779||116779||0|548411
22242|COMMUNITY BANK, N.A.|0|26300|1995||24305|548457
22243|ALLY - 3 AUTO LOANS|46263|0|15964|0|30299|548468
22244|Chase Auto Finance|8400|0|8400|0|0|548476
22245|MERRILL LYNCH|3063|38608|38498||3173|548502
22246|MERRILL LYNCH|1500000|0|0||1500000|548502
22247|NONE|0|0|0|0|0|548506
22248|GMAC|8631||5454||3177|548507
22249|GMAC|9574||6400||3174|548507
22250|LOCAL UNION NO. 380 CREDIT UNION|14523||3938||10585|548507
22251|LOCAL UNION NO. 380 CREDIT UNION|16585||4469||12116|548507
22252|ELECTRICAL HOME ASSOCIATION|378325||129814||248511|548507
22253|NONE|0|0|0|0|0|548510
22254|NONE|0|0|0|0|0|548512
22256|NONE|0|0|0|0|0|548534
22257|FORD MOTOR CREDIT|21088|0|5057||16031|548539
22258|FORD MOTOR CREDIT|23673|0|6250||17423|548539
22259|GMAC FINANCE|15115|0|3813||11302|548539
22260|SENECA FALLS SAVINGS BANK|15426|0|3800||11626|548539
22261|BEACON FEDERAL|59059|0|30145||28914|548539
22262|NONE|0|0|0|0|0|548540
22263|KANSAS STATE BANK OF MANHATTAN|0|182665|3687|0|178978|548544
22264|THE BANK OF EDWARDSVILLE|7653|0|5069|0|2584|548550
22265|Bank of America|14686|0|7052|0|7634|548559
22266|Santander Consumer |1357|0|1357|0|0|548559
22267|Ford Credit|84873|0|28370|9532|46971|548559
22268|Nissan|44471|0|20239|0|24232|548559
22269|Toyota|54489|0|24249|0|30240|548559
22270|Ally Bank|112377|101749|25598|28193|160335|548559
22271|Acura Financial Services|4405|0|4405|0|0|548559
22272|None|||||0|548571
22273|Ally Inc|13544|0|4852|0|8692|548579
22274|UNITE HERE International Union|238763|0|12000||226763|548580
22275|Toledo Teamsters Federal Credit Union |17691||4175||13516|548584
22276|Toledo Teamsters Federal Credit Union |13594||4561||9033|548584
22277|IBEW 743 SICK FUND|0|0|8000|0|16000|548586
22278|CHASE - BUICK LOAN|3324|0|3324|0|0|548598
22279|FORD CREDIT FUSION 1|0|21890|456|0|21434|548598
22280|FORD CREDIT FUSION 2|0|23523|490|0|23033|548598
22281|NONE|0|0|0|0|0|548603
22282|PNC BANK|76753||41338||35415|548611
22283|Ford Motor Credit|13594|0|4673||8921|548612
22285|NONE|0|0|0|0|0|548626
22286|Ally Bank|9234|0|9234|0|0|548644
22287|Ford Credit|0|7122|7122|0|0|548645
22288|P&S Local #83 Credit Union|28887||4562||24325|548648
22289|Drywall Tapers Joint Industry Board|0|75000|0|0|75000|548652
22290|Ford Credit|20102||10197||9905|548654
22291|WELLS FARGO BANK NA|142589||45202||97387|548657
22292|HOME STAR BANK|3627|26839|7242|0|23224|548663
22293|MILESTONE BANK|50000|100000|100000|0|50000|548666
22294|GMAC|294|0|294|0|0|548666
22295|GMAC|11450|0|7433|0|4017|548666
22296|FORD MOTOR CREDIT CORP|0|115000|115000||0|548674
22297|N/A|0|0|0|0|0|548682
22298|Ford Credit|17370|0|17370|0|0|548685
22300|Ford Credit Services|117804|0|28205|0|89599|548689
22299|Ford Motor Credit|56875|0|15924|0|40951|548688
22301|Capitalized lease payable|0|14778|5963|0|8815|548693
22302|LINE OF CREDIT - BANK OF AMERICA|2032671|0|187461||1845210|548704
22303|Amalgated Bank Line of Credit|0|950000|||950000|548712
22304|Ally Financing (Auto)|17896|31267|10312||38851|548716
22305|FORD CREDIT|6810||1735||5075|548718
22306|Bank of America|180026||6289||173737|548724
22307|CIT Equipment Lease|647|0|647|0|0|548729
22308|GMAC|8015|0|3217||4798|548730
22310|UNION SAVINGS BANK|338324||28246||310078|548733
22309|NONE|0|0|0|0|0|548732
22311|NONE|0|0|0|0|0|548734
22312|Ally Bank|0|25000|3969|0|21031|548737
22313|Ford Credit|0|20000|2741|0|17259|548737
22314|Southside Bank|15690||15690||0|548743
22315|BUSINESS PARTNERS LLC|1812083|0|201114||1610969|548747
22316|N/A|0|0|0|0|0|548750
22317|VEHICLE LOANS|22869|38538|25082|0|36325|548775
22318|Merrill Lynch LMA Account|0|2000000|0|0|2000000|548801
22319|n/a|0|0|0|0|0|548831
22320|NONE|0|0|0|0|0|548832
22321|OPCMIA|100000|0|0||100000|548833
22322|AUTO - FORD|42113|31948|29376|0|44685|548834
22323|AUTO - ALLY|35855|0|10421|0|25434|548834
22324|NONE|0|0|0|0|0|548835
22325|Merrill Lynch Margin Loan|0|102665|||102665|548837
22326|Sterling Bank|15143|26174|17577||23740|548846
22327|Dell Business Credit|31648|0|31648||0|548848
22328|Homestreet Bank|138880|0|138880|0|0|548850
22329|Wesbanco Bank|39058||4798||34260|548853
22330|Wesbanco Bank|45022||4205||40817|548853
22331|National Postal Mail Handlers Union|277523|16486|43925||250084|548855
22332|FORD MOTOR CREDIT|22746||5213||17533|548863
22333|LINCOLN AUTOMOTIVE FINANCE |14143||6026||8117|548863
22334|FORD MOTOR CREDIT|21045||4633||16412|548863
22335|AXIS|145167||32600||112567|548863
22336|TD EQUIPMENT FINANCE||113579|15554||98025|548863
22337|GRAYBAR FINANCIAL|0|33851|5376||28475|548863
22339|Notes Payable-Autos|97351|0|46414||50937|548874
22340|LOANS PAYABLE - FIRST COMMONWEALTH|430730|0|14405|0|416325|548880
22341|LOANS PAYABLE - URA|197602|0|6335|0|191267|548880
22342| ALLY|10830||6618||4212|548919
22343|ALLY|16907||6643||10264|548919
22344|ALLY|21950||7526||14424|548919
22345|ALLY|22500||7500||15000|548919
22346|ALLY|23495||6073||17422|548919
22347|ALLY|24127||6237||17890|548919
22348|ALLY|21428||5590||15838|548919
22349|ALLY|29361||6309||23052|548919
22350|Wells Fargo|60972|0|60972|0|0|548923
22351|Teamsters Canada Rail Conference|733557|0|733557|0|0|548929
22352|Key Bank Loan|453331|0|453331|0|0|548929
22353|AFSCME|200000|0|0|0|200000|548937
22354|N/A|0|0|0|0|0|548954
22355|ALLY CREDIT|41117||21373||19744|548960
22356|FORD MOTOR CREDIT|35750||13200||22550|548960
22357|UFCW OF AMERICA FCU|52991||18757||34234|548960
22358|GCF BANK||250000|3000||247000|548960
22359|TD BANK||46617|||46617|548960
22360|M & T BANK||22902|||22902|548960
22361|FORD CREDIT|15643||4243||11400|548965
22362|CITY OF CLEVELAND|71384||7172||64212|548965
22363|OPEIU (Affiliated Union)|0|175000|24000|0|151000|548983
22364|BUSINESS LOAN CONDUCT NO 6 LLC|8000000|0|0|0|8000000|548994
22365|BUSINESS LOAN CONDUCT NO 6 LLC|10000000|0|0|0|10000000|548994
22366|FIRST BANK|367649|0|227649|0|140000|548994
22367|JEFFERSON BANK|1957664|0|40464|0|1917200|548994
22368|US BANK|5864629|0|121868|0|5742761|548994
22369|WELL FARGO - LOC|40000|0|40000|0|0|548997
22370|Union Bank and Trust|431193||13995||417198|549000
22371|Union Bank and Trust|29880||29880||0|549000
22620|Ford Motor Credit|8158|0|6484|0|1674|550350
22373|Ford Motor Credit|0|29066|3735|0|25331|549003
22374|Hometown National Bank|88502|0|15963|0|72539|549016
22375|International Teamsters|115784|0|14034|0|101750|549016
22376|FORD MOTOR CREDIT|0|40219|40219|0|0|549017
22377|Ford Motor Credit|4164||4164||0|549023
22378|N/A|0|0|0|0|0|549032
22379|NONE|0|0|0|0|0|549035
22380|NONE|0|0|0|0|0|549037
22381|CHRYSLER FINANCIAL|1155|0|1155|0|0|549046
22382|ELECTRICAL WORKERS CREDIT UNION|0|29426|472|0|28954|549046
22383|NONE|0|0|0|0|0|549074
22384|Ford Credit Company|12850||5542||7308|549078
22385|None|0|0|0|0|0|549080
22386|UNITE HERE INT'L UNION|135340|0|79850|0|55490|549083
22387|Jefferson Bank & Trust|14065|0|5707||8358|549085
22388|Jefferson Bank & Trust|65860|0|6000||59860|549085
22389|N/A - None|0|0|0|0|0|549097
22390|SERRAMONTE FORD|0|27195|2265|0|24930|549103
22391|Ford Credit|18714||7233||11481|549114
22392|GMAC-5962|3086||3086||0|549114
22393|GMAC-2399|2935||2935||0|549114
22394|GMAC-0892|8902||8902||0|549114
22395|SC Federal Credit Union|38946|0|38946|0|0|549125
22396|SC Federal Credit Union|43590|0|33233|0|10357|549125
22397|N/A|0|0|0|0|0|549131
22398|Ally Bank|28453||4851||23602|549136
22399|NONE|0|0|0|0|0|549142
22400|OPERATING ENGINERS FEDERAL CU|0|28998|3600|0|25398|549159
22401|UMPQUA BANK|32897|0|8653|0|24244|549159
22402|NONE|0|0|0|0|0|549160
22403|XEROX COPIER LEASE (OLD)|3702|0|3702||0|549163
22404|XEROX COPIER LEASE (NEW)||60467|6472||53995|549163
22405|ALLY FINANCIAL (FORMERLY GMAC)|731|0|731|0|0|549169
22406|Ally|19984||9841||10143|549195
22407|N/A|0|0|0|0|0|549209
22408|FORD MOTOR CREDIT COMPANY|0|33992|4533|0|29459|549210
22409|Ford Motor Credit Company|128122|0|43403|0|84719|549221
22410|No loans during reporting period|0|0|0|0|0|549222
22412|Blue Technologies|14196|0|4368|0|9828|549238
22413|LOCAL UNION 164 IBEW COPE FUND|73878|0|73878|0|0|549242
22414|FORD CREDIT|12212|0|5053|0|7159|549242
22415|FORD CREDIT|24304|0|4924|0|19380|549242
22416|FORD CREDIT|19895|0|5559|0|14336|549242
22417|FORD CREDIT|20387|0|5886|0|14501|549242
22418|FORD CREDIT|19368|0|5592|0|13776|549242
22419|FORD CREDIT|19445|0|5587|0|13858|549242
22420|FORD CREDIT|19822|0|5565|0|14257|549242
22421|FORD CREDIT|19445|0|5587|0|13858|549242
22422|FORD CREDIT|19821|0|5564|0|14257|549242
22423|FORD CREDIT|19895|0|5559|0|14336|549242
22424|FORD CREDIT|22099|0|6468|0|15631|549242
22425|FORD CREDIT|8135|0|3682|0|4453|549242
22426|FORD CREDIT|22819|0|6881|0|15938|549242
22427|Local Union 653|100000||||100000|549255
22428|Local Union 2500|45000||||45000|549255
22429|Local Union 652|200000||||200000|549255
22430|Local Union 292|5000||5000||0|549255
22431|Ally Bank-Vehicle|19712|0|5346||14366|549274
22432|WEBSTER BANK|48558|0|8958|0|39600|549282
22433|OPEIU INTERNATIONAL|24000|120000|36500||107500|549284
22434|AUTO LOANS|105281||21063||84218|549284
22435|AFSCME LOCAL 189|115000||18334||96666|549300
22436|AFSCME LOCAL 328|119629||28519||91110|549300
22437|AUTO LOAN|13773|0|2847||10926|549305
22438|AUTO LOAN|13938|0|2882||11056|549305
22439|NONE|0|0|0|0|0|549308
22440|BSB Leasing Inc|0|35672|4728||30944|549321
22441|None|0|0|0|0|0|549322
22442|First Hawaiian Bank|80496||10563||69933|549383
22443|Bank of America-Line of Credit||250000|100000||150000|549417
22444|ALLY BANK VEHICLE LOAN|9435||5147||4288|549442
22445|Culinary Union, L226|85208||20198||65010|549446
22446|Cape Bank|55924|40000|95924||0|549446
22447|Cap Lease, servers|662||662||0|549446
22448|Chevy Aveo|8653||2814||5839|549446
22449|2012 Town & Country Van|25741||2364||23377|549446
22450|2009 GMC Sierra truck|26809||5395||21414|549446
22451|Cape Bank mortgage||800000|||800000|549446
22452|SBA, mortgage||197700|148954||48746|549446
22453|FIRST NATIONS BANK|70952|67867|10274|0|128545|549456
22454|GMAC|0|52411|6912||45499|549482
22455|FIRST BANK AND TRUST|0|68953|8389||60564|549482
22456|Fifth Third Bank|530323|0|18154|0|512169|549484
22457|BB&T BANK (AUTO LOAN)|10291|0|2681|0|7610|549495
22458|PATRIOT SUSQUEHANNA BANK|4240|0|4240|0|0|549499
22459|OPERATING ENGINEERS (AUTOS)|0|70728|4374||66354|549500
22460|Employer Participant|3000|0|3000|0|0|549514
22461|Chase|15000|7000|||22000|549516
22462|UAW Local #889|54017|0|24223|0|29794|549529
22463|Ford Credit|0|46607|2330||44277|549544
22464|NONE|0|0|0|0|0|549561
22465|REGIONS BANK|177200|0|14941||162259|549578
22466|AAUP|0|379891|0|379891|0|549602
22467|N/A|0|0|0|0|0|549644
22468|SUNTRUST|99256|0|99256|0|0|549680
22469|SUNTRUST- NJ AVE|252760|0|99871|0|152889|549680
22470|SUNTRUST - CENTRIX|550000|0|200000|0|350000|549680
22471|UNION BANK & TRUST -MINN., MN|0|457315|0|0|457315|549680
22472|SUNTRUST - JOILET, IL|1337466|1323628|1420461|0|1240633|549680
22473|Discovery Federal Credit Union|18055|0|3906|0|14149|549726
22474|Discovery Federal Credit Union|0|14508|2038|0|12470|549726
22475|GLENS FALLS NAT. MORTGAGE|0|2000000|45104|0|1954896|549736
22476|Auto Loan - Canandaigua National Bank |20178||4402||15776|549740
22477|Auto Loan - Canandaigua National Bank||23183|4165||19018|549740
22478|Auto Loan - Canandaigua National Bank||24043|702||23341|549740
22479|UA Local 13 Union|52374|0|52374|0|0|549751
22480|N/A|0|0|0|0|0|549752
22481|Ford Motor Credit|0|12102|1859|0|10243|549755
22482|Ford Motor Credit Corp|13418|0|13418||0|549762
22483|Ford Motor Credit Corp|31198|0|9131||22067|549762
22484|Ford Motor Credit Corp|0|45540|5413||40127|549762
22485|PSSDC PENSION FUND-WITHDRAWAL LIABILITY|763675||39500||724175|549768
22486|UFCW INTERNATIONAL UNION|440935||5575||435360|549768
22487|NATIONAL LABOR RELATIONS BOARD|60000||60000||0|549768
22488|ALLY BANK|38768||38768||0|549814
22489|Service Employees International Union|366592|0|60000|0|306592|549824
22490|MORTGAGE AT BMO HARRIS|240421||9811||230610|549826
22491|none|0|0|0|0|0|549827
22492|ALPA NATIONAL TO 1625 MASS AVE|146132|446673|0|0|592805|549833
22493|ALPA NATIONAL TO IPSC|1142170|182378|586|0|1323962|549833
22494|SUNTRUST COMMERCIAL LOAN|3391315|0|665180|62|2726073|549833
22495|N/A|0|0|0|0|0|549837
22496|Avectra Inc.|0|226605|129901|0|96704|549840
22501|DUE TO PUBLIC|1324768|266560|0|0|1591328|549849
22502|FORD 246672|0|26188|3515|0|22673|549849
22503|FORD 91339|0|25232|3387|0|21845|549849
22504|FORD 76392|0|16983|2280|0|14703|549849
22505|FORD 83653|0|21918|2942|0|18976|549849
22506|FORD 57751|0|34124|4583|0|29541|549849
22507|Ford Motor Company|3928|0|3928|0|0|549859
22508|N/A|0|0|0|0|0|549866
22509|UFCW Strike Fund|151059|0|3563||147496|549870
22510|OFFICE & PROFESSIONAL EMPLOYEE INT'L UNION|133333|0|50000|0|83333|549871
22511|OFFICE & PROFESSIONAL EMPLOYEE INT'L UNION|97660|0|16660|0|81000|549871
22512|ALLY BANK|23468|0|6663|0|16805|549872
22513|NO LOANS PAYABLE|0|0|0|0|0|549896
22514|US Bank|1392447|0|190320|0|1202127|549909
22515|Ford Credit|0|156992|5283|0|151709|549909
22516|MEMBER|0|30388|0|0|30388|549925
22517|Republic Bank Walton|5000000||154254||4845746|549932
22518|Republic Bank Pittston|900000||27766||872234|549932
22519|Republic Bank|93045||9797||83248|549932
22520|Republic Bank||500000|||500000|549932
22521|AFSCME|1231770||94502||1137268|549932
22522|Ford Motor Credit|129808|210934|103652|0|237090|549943
22523|Bank of Utica|92364|13622|61648|0|44338|549943
22524|Ally|75907|0|36534|0|39373|549943
22525|Bank of Utica|0|41887|6436|0|35451|549943
22528|NONE|0|0|0|0|0|549969
22527|FORD CREDIT|7192|0|6638|0|554|549976
22529|FORD CREDIT|0|27681|4856|0|22825|549976
22530|FORD CREDIT|0|28007|4865|0|23142|549976
22531|Automobiles-Enterprise Fleet Serv.|76709|31541|19253||88997|549970
22532|Ally|11358|0|5891|0|5467|549971
22533|Ally|13021|0|4863|0|8158|549971
22534|Ally|0|14520|4343|0|10177|549971
22526|BANK OF AMERICA|492248|0|24138||468110|549968
22535|Bank of America|200000|0|0|0|200000|549972
22536|GMAC Financing|29196|||29196|0|549989
22537|GMAC Financing|21188|||6475|14713|549989
22538|GMAC Financing|0|47567|5857||41710|549989
22539|Houses of Labor|1084931||213135||871796|549989
22540|GMAC|2470|0|2470|0|0|550005
22541|NONE|0|0|0|0|0|550008
22542|Numerica Credit Union|5003||4711||292|550027
22543|COPIER CAPITAL LEASE|26184|0|5928|0|20256|550028
22544|Ford|14057|0|5117|0|8940|550031
22545|Ford|0|23497|1687|0|21810|550031
22546|Ford|0|27029|0|0|27029|550031
22547|Elmira Savings Bank|0|400000|0|0|400000|550051
22548|2010 MERCURY MAINER|16070|0|2363|13707|0|550057
22549|2012 FORD EDGE|24935|0|4933|0|20002|550057
22550|2012 DODGE DURANGO|29100|0|5708|0|23392|550057
22551|2012 DODGE DURANGO|43662|0|8345|0|35317|550057
22552|2013 DODGE JOURNEY|0|29820|2215|0|27605|550057
22553|MORGAN STANLEY |814388|151268|0|0|965656|550060
22554|LOCAL 142 FCU|30232|0|30232|0|0|550069
22555|CREDIT UNION JEEP LIBERTY LOAN|9408|0|6244|0|3164|550070
22556|NA|0|0|0||0|550091
22557|Ally Bank|9676|0|9676||0|550098
22558|Ally Bank||32583|7679||24904|550098
22559|Allegheny Valley Bank|168013|181987|5004||344996|550105
22560|Urban Redevelopment Authority of Pittsburgh|225000|0|1892||223108|550105
22561|NA|0|0|0|0|0|550115
22562|N/A|||||0|550123
22563|46 ROCKLAND STREET BUILDING CORP|50000|0|50000|0|0|550136
22564|FORD MOTOR CREDIT|20765|0|20765|0|0|550136
22565|FORD MOTOR CREDIT|28512|0|28512|0|0|550136
22566|Building Loan United Labor Bank|413325||23518||389807|550139
22567|N/A|0|0|0|0|0|550165
22568|GMAC|5710|0|4568|0|1142|550178
22570|GMAC|5981|0|4785|0|1196|550178
22572|GMAC|5981|0|4785|0|1196|550178
22574|GMAC|6472|0|4854|0|1618|550178
22576|SECAP|12281|0|5428|0|6853|550178
22569|Lincoln Automotive Financial Services|75113||75113||0|550179
22571|Ally|174512||174512||0|550179
22573|Ford Motive Credit Co.|102318||102318||0|550179
22575|Valley National Line of Credit||4100000|||4100000|550179
22577|Bank Direct Capital Finance|21929|45105|44193||22841|550179
22578|Line of Credit|20428|2267|0|0|22695|550181
22579|Credit Cards Payable|17648|0|17648|0|0|550181
22580|N/A|0|0|0|0|0|550184
22581|NONE|0|0|0|0|0|550202
22583|Ford Motor Credit|0|17500|3641|0|13859|550206
22582|AMALGAMATED BANK|50893|0|34772|0|16121|550207
22584|IBEW LOCAL 968 FCU|13283||2556||10727|550211
22585|BAC 7, CO Promissory Note|0|0|0|0|0|550223
22586|US Bank, matures 12/19/2014, interest rate 5.79%|39962|0|19368|0|20594|550223
22587|Health Alliance FCU|9992|0|9992|0|0|550234
22588|Plumbers 55 Federal Credit Union|5258|0|5258|0|0|550238
22589|Plumbers 55 Federal Credit Union|5449|0|5449|0|0|550238
22590|Plumbers 55 Federal Credit Union|0|27235|23366|0|3869|550238
22591|Plumbers 55 Federal Credit Union|0|22740|5318|0|17422|550238
22592|Plumbers 55 Federal Credit Union|0|22000|0|0|22000|550238
22593|Union Yes C.U. - Auto Loans|126516|276853|73613|0|329756|550242
22594|Pwernet Cr Un-Auto Loan|0|21074|3175||17899|550246
22595|Old National Bank - Mortgage|38304|0|27406||10898|550257
22596|FORD MOTOR CREDIT|21901||8668||13233|550259
22597|FORD MOTOR CREDIT|21706||8591||13115|550259
22598|ALLY CREDIT|21631||8112||13519|550259
22599|ALLY CREDIT|21800||8175||13625|550259
22600|Ford Motor Credit|231079|286230|215792||301517|550276
22601|Mortgage|402915||12460||390455|550276
22602|ALLY (AUTO LOAN)|77378|25899|22363||80914|550293
22603|N/A|0||||0|550301
22604|FORD CREDIT|24087|0|5728||18359|550316
22605|Bank of America loan payable|646392|0|646392|0|0|550317
22606|Structured Finance Associates|0|200000|2365|0|197635|550317
22607|Credit Cards/Other (Net)|7980|3156|||11136|550320
22608|SUNTRUST LINE OF CREDIT (TSD)|0|367000|0|0|367000|550328
22609|None|0|0|0|0|0|550334
22610|N/A|0|0|0|0|0|550339
22611|M&T Bank Auto Loan #59958|7172|0|6128|0|1044|550346
22612|Ally (GMAC) Loan # 45472|5991|0|4420|0|1571|550346
22613|Ally (GMAC) Loan # 47918|5991|0|4420|0|1571|550346
22614|Ally(GMAC) Loan # 86673|5682|0|4112|0|1570|550346
22615|Ally (GMAC) Loan # 87951|6284|0|4740|0|1544|550346
22616|Ally (GMAC) Loan # 24320|7995|0|5057|0|2938|550346
22617|Ally (GMAC) Loan # 22165|8657|0|4951|0|3706|550346
22618|M&T Line of Credit|0|36520|0|0|36520|550346
22619|Ally|44172|0|11043|0|33129|550350
22621|Capital Lease - Office Equipment|4156||1138||3018|550391
22622|Atlanta Postal Credit Union|75000|0|46138||28862|550403
22623|Bank|0|176000|921||175079|550414
22624|Ford/ Wells Fargo - Auto loans|102020|61400|115376|0|48044|550435
22625|Line of credit|70000|4154|12060|0|62094|550443
22626|Promissory Note, 7% due 4/5/2014|42000||17850||24150|550451
22627|Employee (Payroll Error)|3|0|0|0|3|550463
22628|GMAC Commerical Credit|25782|0|25782||0|550467
22632|FORD MOTOR CREDIT|26349|0|13638|0|12711|550471
22633|BANCO POPULAR DE PR|1106199|0|56280||1049919|550475
22634|AUTOMOBILE LOAN|2624|0|2624|0|0|550479
22635|LOAN|0|300000|4244||295756|550482
22636|LOAN LEASE AUTOMOBILE|19217|0||19217|0|550482
22637|LOAN AUTOMOBILE|0|50078|5940||44138|550482
22638|OPEIU International Union|87765|0|18480|0|69285|550484
22639|IBEW Credit Union|390866|0|5275|0|385591|550484
22640|IBEW Credit Union|0|26183|3365|0|22818|550484
22641|NONE|0|0|0|0|0|550494
22642|N/P-FORD CREDIT|5142|0|5142|0|0|550508
22643|Chase Bank-Credit Card Payable|628|0|628|0|0|550509
22644|HMFCU-Copier|14584|0|4149|0|10435|550509
22645|HMFCU|0|89000|6980|0|82020|550509
22646|HMFCU|0|17000|0|0|17000|550509
22647|SEIU|20504595|0|0|3797060|16707535|550512
22648|Regions Bank LOC|7033|12000|4453|0|14580|550514
22649|Regions Bank Credit Card|0||||0|550514
22650| JEREMY CRUZ-HAICKEN|0|25|||25|550516
22651|BMO Harris Bank|492796|0|492796|0|0|550517
22652|FORD MOTOR COMPANY|4756||4756||0|550533
22653|GENWORTH|1897803|0|104294|0|1793509|550539
22654|LOANS PAYABLE|400|0|0|0|400|550539
22655|SSB LIEN|3512|0|3512|0|0|550539
22656|SERVICE EMPLOYEE INTERNATIONAL UNION|0|300000|40000|0|260000|550545
22657|NONE|0|0|0|0|0|550580
22658|Ford Motor Credit|5362||5362||0|550586
22659|Ford Motor Credit||29350|8396||20954|550586
22660|FIRST BANK & TRUST|2812947|1859681|186284|0|4486344|550589
22661|FREMONT BANK|1233754|0|128697|0|1105057|550589
22662|LINCOLN AUTOMOTIVE FINANCIAL SERVICES|0|48810|0|0|48810|550589
22663|NOT APPLICABLE|0|0|0|0|0|550602
22664|Ally Bank|950|0|950|0|0|550608
22665|Ford Credit|4143|0|3824|0|319|550608
22666|Ally Bank|10355|0|4515|0|5840|550608
22667|Ford Credit|0|14969|329|0|14640|550608
22668|ALLY|100959||34051||66908|550612
22669|na|0||||0|550615
22670|ALLY FINANCIAL AUTO LOANS|49963|0|27925|2634|19404|550669
22671|n/a|0|0|0|0|0|550676
22672|Investment Margin Loan|0|200000|||200000|550677
22673|n/a|0|0|0|0|0|550691
22674|Bank of Springfield|0|164842|||164842|550700
22675|Regions Bank|171141||171141||0|550700
22676|N/A|0|0|0|0|0|550704
22677|FORD MOTOR COMPANY|0|36513|1222||35291|550706
22678|FORD MOTOR COMPANY|8547||7335||1212|550706
22679|FORD MOTOR COMPANY|7884||6797||1087|550706
22680|FORD MOTOR COMPANY|31408||7340||24068|550706
22681|FORD MOTOR COMPANY|31058||6325||24733|550706
22682|Bank of America|73133664|0|2152702|0|70980962|550722
22683|ALLY BANK|13808|0|4656|0|9152|550735
22684|ALLY BANK|15784|0|7116|0|8668|550735
22685|DELL FINANCIAL|3090|0|997|0|2093|550735
22686|ALLY BANK|0|35565|4086|0|31479|550735
22687|ALLY BANK|0|22965|2639|0|20326|550735
22688|TORREY PINES BANK|0|1500000|150000||1350000|550745
22689|Amalgamated - Sacramento|1082458|0|21486|0|1060972|550758
22690|Amalgamated - San Jose|542097|0|10686|0|531411|550758
22691|International Union UAW|12234|0|1582||10652|550767
22693|Auto loans payable|78043|25285|34489||68839|550811
22694|Labor organizations|4300000|5288606|54830|0|9533776|550812
22695|Graybar Financial Services|5203|0|5203|0|0|550820
22696|None|0|0|0|0|0|550827
22697|RWDSU|23723||4774||18949|550894
22698|AMALGAMATED BANK|5855799||97539||5758260|551063
22699|Vehicle Loan|0|26667|0|0|26667|551213
22700|No loans|0|0|0|0|0|551834
22701|LOCAL 124 JOINT INDUSTRY FUND|1689|0|0||1689|551854
22702|LOCAL 124 WELFARE FUND|141714|25941|58337||109318|551854
22703|None|0|0|0|0|0|551881
22704|ALLY|6192|0|6192|0|0|551890
22705|None|0|0|0|0|0|551974
22707|NONE|0|0|0|0|0|552441
22708|RWDSU NATIONAL|180229|0|11565|0|168664|552864
22709|USW INTERNATIONAL|0|5000|0|0|5000|552868
22710|Bancorp South Auto Loan|30359|0|10558|0|19801|552948
22711|N/A|0|0|0|0|0|553175
22712|OPEIU, International Union|24000|0|4800||19200|553318
22713|N/A|0|0|0|0|0|553340
22714|Xerox Corporation|28148||17792|10356|0|553498
22715|Loan - Prosper Bank|0|562500|2896|0|559604|553500
22716|United Labor Bank|0|250000|15520|0|234480|553503
22717|MECHANICS SAVINGS BANK|49122|20007|52290||16839|553823
22718|Auto Loans|4242|0|4242||0|553884
